0,0,0,0
0,4,1465,0,43,57,4
0,5,912,0,76,5
0,9,137,0,76,9
0,12,1218,0,43,51,65,12
0,13,2135,0,43,51,54,13
0,14,1905,0,46,49,69,14
0,16,1848,0,43,51,65,16
0,17,1733,0,46,75,17
0,22,2333,0,43,51,54,79,22
0,23,1458,0,46,23
0,29,2430,0,46,49,69,29
0,32,1626,0,46,49,32
0,34,2198,0,46,49,34
0,35,1421,0,43,51,65,78,35
0,36,2168,0,43,57,36
0,38,1585,0,46,75,38
0,43,635,0,43
0,44,1312,0,43,51,62,44
0,46,922,0,46
0,49,1266,0,46,49
0,51,774,0,43,51
0,53,1615,0,43,51,62,53
0,54,1503,0,43,51,54
0,56,619,0,76,56
0,57,1244,0,43,57
0,62,1269,0,43,51,62
0,65,1136,0,43,51,65
0,69,1435,0,46,49,69
0,70,1929,0,43,51,54,79,70
0,75,894,0,46,75
0,76,-72,0,76
0,78,1319,0,43,51,65,78
0,79,1991,0,43,51,54,79
