0,0,0,0
0,6,1038,0,98,194,199,6
0,11,1012,0,228,11
0,12,1606,0,228,12
0,32,838,0,98,150,32
0,39,1079,0,98,194,39
0,50,1188,0,98,194,50
0,66,227,0,180,66
0,70,138,0,180,70
0,71,390,0,98,71
0,72,395,0,187,72
0,98,389,0,98
0,103,900,0,180,103
0,113,1762,0,98,194,199,113
0,118,205,0,180,118
0,127,1246,0,98,194,127
0,139,972,0,98,150,139
0,148,1047,0,98,150,148
0,150,818,0,98,150
0,153,795,0,180,217,153
0,154,756,0,180,217,154
0,169,2228,0,98,150,234,169
0,172,1271,0,187,172
0,174,271,0,187,174
0,175,1231,0,98,194,199,175
0,180,158,0,180
0,187,347,0,187
0,194,1126,0,98,194
0,196,1537,0,98,150,241,196
0,198,1184,0,180,217,198
0,199,1026,0,98,194,199
0,203,1788,0,98,150,241,203
0,211,1478,0,228,211
0,217,350,0,180,217
0,228,824,0,228
0,232,1465,0,98,150,241,232
0,234,1415,0,98,150,234
0,236,1778,0,98,150,241,236
0,241,1487,0,98,150,241
