0,0,0,0
0,4,1019,0,22,25,63,4
0,5,2669,0,22,25,63,80,5
0,10,1916,0,22,25,63,74,10
0,11,1511,0,22,25,79,11
0,12,1353,0,75,12
0,13,596,0,22,25,65,13
0,22,441,0,22
0,25,351,0,22,25
0,26,352,0,71,26
0,29,1591,0,22,25,63,29
0,33,1429,0,71,33
0,36,1946,0,22,25,63,80,36
0,37,345,0,22,73,37
0,38,1437,0,22,25,63,74,38
0,43,2667,0,22,25,63,80,43
0,46,1685,0,22,25,79,46
0,54,1174,0,22,25,65,54
0,55,1653,0,75,55
0,60,879,0,22,73,60
0,63,1018,0,22,25,63
0,64,1082,0,75,64
0,65,615,0,22,25,65
0,71,436,0,71
0,72,589,0,22,73,72
0,73,421,0,22,73
0,74,1427,0,22,25,63,74
0,75,824,0,75
0,79,1191,0,22,25,79
0,80,1850,0,22,25,63,80
