0,0,0,0
0,6,506,0,57,175,6
0,15,1239,0,57,137,211,15
0,17,1095,0,89,17
0,20,809,0,57,175,230,20
0,23,566,0,57,137,23
0,36,514,0,241,36
0,44,1510,0,57,137,211,44
0,46,964,0,57,169,46
0,57,-25,0,57
0,58,1513,0,57,175,230,58
0,59,1268,0,89,128,171,59
0,63,981,0,57,137,63
0,68,1764,0,89,128,194,68
0,77,1418,0,57,175,183,205,77
0,78,1718,0,57,169,181,78
0,82,800,0,89,82
0,83,3170,0,89,128,194,204,83
0,85,1616,0,57,169,85
0,86,1100,0,57,175,183,86
0,87,1480,0,89,128,87
0,89,234,0,89
0,90,1315,0,89,128,171,90
0,109,1188,0,57,175,183,205,109
0,122,1440,0,57,137,211,122
0,128,860,0,89,128
0,136,1328,0,89,128,171,136
0,137,666,0,57,137
0,143,2924,0,89,128,194,204,143
0,148,860,0,57,175,183,148
0,166,883,0,57,175,230,166
0,169,901,0,57,169
0,171,1266,0,89,128,171
0,175,-78,0,57,175
0,181,1185,0,57,169,181
0,183,680,0,57,175,183
0,184,1377,0,57,175,183,205,184
0,194,1844,0,89,128,194
0,197,2580,0,89,128,194,204,197
0,204,2651,0,89,128,194,204
0,205,1118,0,57,175,183,205
0,211,1167,0,57,137,211
0,220,204,0,241,220
0,225,613,0,241,225
0,230,597,0,57,175,230
0,241,-53,0,241
