0,0,0,0
0,3,2780,0,411,471,527,651,3
0,4,2609,0,149,304,488,667,4
0,8,2741,0,411,471,570,572,692,8
0,11,1657,0,191,462,11
0,21,2526,0,411,471,570,572,21
0,22,908,0,415,22
0,23,2116,0,149,450,474,23
0,24,666,0,415,668,24
0,33,1345,0,411,471,33
0,41,1991,0,149,450,474,41
0,53,3441,0,149,304,488,567,53
0,58,1922,0,149,304,488,58
0,70,652,0,415,668,70
0,80,796,0,191,80
0,86,1901,0,411,471,570,618,86
0,87,2461,0,191,462,643,87
0,102,2520,0,411,471,570,572,102
0,125,2817,0,191,462,520,580,615,665,125
0,129,1042,0,191,129
0,130,3374,0,149,304,488,567,704,130
0,149,928,0,149
0,169,1991,0,149,700,712,169
0,176,1648,0,411,471,527,176
0,178,750,0,415,178
0,181,2653,0,191,462,520,580,615,181
0,191,137,0,191
0,193,1673,0,191,462,193
0,199,1994,0,149,450,199
0,202,1817,0,149,304,202
0,204,1604,0,191,462,204
0,207,2410,0,149,304,619,207
0,208,2001,0,149,424,208
0,210,2729,0,149,304,210
0,215,1483,0,411,471,570,215
0,216,2880,0,149,304,488,567,216
0,218,2641,0,411,471,570,572,692,218
0,223,2253,0,191,462,520,580,615,223
0,225,2294,0,149,304,488,667,225
0,234,2619,0,149,304,234
0,242,1813,0,191,462,520,242
0,249,2258,0,149,450,474,249
0,256,2611,0,149,304,488,256
0,257,2961,0,149,304,488,567,704,257
0,267,2371,0,149,304,619,267
0,271,2953,0,149,304,619,271
0,279,1703,0,149,700,712,279
0,282,1557,0,149,700,282
0,283,1016,0,411,471,570,283
0,284,1569,0,411,471,527,284
0,289,1562,0,411,471,289
0,294,1424,0,415,668,294
0,296,1691,0,411,471,570,296
0,304,1827,0,149,304
0,308,2480,0,191,462,643,711,725,308
0,309,1753,0,149,450,309
0,312,2083,0,411,471,527,651,312
0,317,3041,0,149,304,488,567,704,317
0,323,1468,0,191,462,520,323
0,329,1093,0,149,700,329
0,332,1454,0,411,471,570,618,332
0,335,1077,0,411,471,335
0,336,984,0,411,471,570,618,336
0,339,1687,0,415,681,339
0,347,3127,0,149,304,488,567,638,347
0,351,1951,0,411,471,570,572,351
0,353,2749,0,149,304,488,667,353
0,354,3929,0,149,304,488,567,704,354
0,363,2003,0,149,700,363
0,373,1602,0,149,450,474,373
0,383,1454,0,411,471,527,383
0,390,2576,0,191,462,520,580,615,665,390
0,411,826,0,411
0,415,657,0,415
0,424,1928,0,149,424
0,428,1240,0,149,700,428
0,433,2167,0,191,462,520,580,615,433
0,436,3131,0,149,304,589,436
0,443,3584,0,149,304,488,567,638,443
0,449,1639,0,149,700,712,449
0,450,1335,0,149,450
0,457,1751,0,191,462,520,457
0,462,850,0,191,462
0,467,3019,0,191,462,643,711,725,467
0,471,895,0,411,471
0,474,1442,0,149,450,474
0,477,702,0,415,668,477
0,481,3047,0,191,462,520,580,646,481
0,488,1835,0,149,304,488
0,490,3088,0,149,304,488,632,490
0,498,1766,0,191,462,643,711,498
0,499,2881,0,191,462,643,711,725,499
0,504,3246,0,149,304,488,632,504
0,510,1170,0,411,471,707,510
0,517,3060,0,191,462,520,580,646,517
0,519,3677,0,149,304,488,567,519
0,520,1535,0,191,462,520
0,527,1475,0,411,471,527
0,553,3254,0,191,462,520,580,646,553
0,554,2139,0,191,462,520,580,554
0,558,1797,0,191,462,520,580,558
0,565,3306,0,411,471,570,572,692,565
0,567,2807,0,149,304,488,567
0,568,1930,0,191,462,520,580,568
0,570,1102,0,411,471,570
0,572,1682,0,411,471,570,572
0,575,1165,0,411,471,707,575
0,577,2822,0,411,471,527,651,577
0,580,1439,0,191,462,520,580
0,582,2616,0,191,462,520,580,615,665,582
0,589,2390,0,149,304,589
0,591,3006,0,149,304,488,632,591
0,592,2007,0,191,462,643,711,592
0,599,2671,0,149,304,619,599
0,615,1787,0,191,462,520,580,615
0,616,2357,0,149,304,488,667,616
0,618,1056,0,411,471,570,618
0,619,2264,0,149,304,619
0,622,2682,0,191,462,520,580,646,622
0,632,2606,0,149,304,488,632
0,638,2933,0,149,304,488,567,638
0,643,1836,0,191,462,643
0,646,2260,0,191,462,520,580,646
0,651,1929,0,411,471,527,651
0,665,2367,0,191,462,520,580,615,665
0,667,2203,0,149,304,488,667
0,668,662,0,415,668
0,681,1392,0,415,681
0,691,1204,0,411,471,707,691
0,692,2358,0,411,471,570,572,692
0,700,1028,0,149,700
0,704,2953,0,149,304,488,567,704
0,707,863,0,411,471,707
0,711,1828,0,191,462,643,711
0,712,1025,0,149,700,712
0,725,2260,0,191,462,643,711,725
