0,0,0,0
0,1,3806,0,484,571,587,615,673,1
0,3,2315,0,484,490,537,558,664,3
0,6,1174,0,473,656,6
0,7,2584,0,473,689,692,7
0,8,2744,0,484,669,550,648,8
0,9,2649,0,484,490,537,558,664,9
0,18,2499,0,473,656,709,713,18
0,24,2733,0,484,669,550,648,24
0,25,3424,0,190,281,299,352,25
0,26,1942,0,484,490,537,26
0,33,2284,0,190,635,643,702,33
0,36,2901,0,484,571,609,36
0,37,1298,0,473,656,37
0,39,2987,0,484,490,537,558,694,39
0,44,1585,0,190,44
0,58,1548,0,484,490,58
0,59,2594,0,484,669,550,648,686,59
0,64,899,0,590,64
0,71,973,0,590,71
0,72,3750,0,484,571,587,722,72
0,76,2273,0,190,635,643,76
0,77,3357,0,190,281,299,352,596,77
0,79,1068,0,505,566,577,79
0,85,1196,0,473,656,709,85
0,92,930,0,484,490,92
0,97,2209,0,484,490,537,558,694,97
0,100,1621,0,505,566,577,100
0,101,1321,0,590,101
0,103,1350,0,590,697,103
0,105,2555,0,484,571,609,105
0,106,1457,0,190,106
0,107,1725,0,484,490,537,558,107
0,109,1828,0,473,588,109
0,110,2914,0,484,669,550,648,686,110
0,111,2826,0,473,656,709,680,111
0,116,5176,0,190,281,299,352,596,674,116
0,117,1109,0,505,117
0,124,2288,0,484,490,537,558,664,124
0,127,2486,0,484,669,550,563,672,127
0,130,780,0,190,130
0,132,2177,0,473,678,715,132
0,135,1057,0,473,678,135
0,137,1403,0,190,635,643,137
0,140,3148,0,484,571,587,722,140
0,144,2863,0,484,669,550,563,672,144
0,146,1985,0,473,656,709,713,146
0,149,886,0,473,656,149
0,151,1189,0,505,151
0,153,1361,0,590,153
0,155,2905,0,190,281,299,559,696,155
0,156,3407,0,190,281,299,352,156
0,160,562,0,484,669,160
0,168,906,0,473,168
0,170,2844,0,484,669,550,563,170
0,174,1877,0,190,515,174
0,177,4980,0,190,281,299,352,596,674,177
0,181,2618,0,190,281,299,559,696,181
0,184,3755,0,190,281,299,352,596,184
0,186,1111,0,190,635,186
0,187,2080,0,484,490,537,558,694,187
0,188,1116,0,590,697,188
0,190,762,0,190
0,201,1345,0,484,654,201
0,204,2536,0,484,490,537,558,612,204
0,211,1305,0,484,571,211
0,212,1335,0,473,678,212
0,213,1654,0,505,566,577,213
0,214,3756,0,484,571,587,615,673,214
0,216,1878,0,484,490,537,558,216
0,223,2456,0,190,515,640,223
0,226,1200,0,505,566,577,705,226
0,229,2267,0,484,654,229
0,231,1461,0,484,571,231
0,233,2924,0,190,635,643,702,233
0,235,2091,0,484,490,537,558,664,235
0,238,1235,0,505,566,238
0,243,2486,0,473,656,709,713,243
0,245,2755,0,484,571,587,615,245
0,254,1454,0,473,678,254
0,255,833,0,484,669,568,255
0,257,2329,0,484,669,550,563,257
0,258,294,0,505,258
0,267,1396,0,484,490,267
0,268,1801,0,190,635,268
0,270,2377,0,484,669,550,563,270
0,274,3805,0,484,571,587,615,673,710,274
0,280,815,0,473,280
0,281,1360,0,190,281
0,282,2243,0,190,635,643,282
0,283,4000,0,190,281,299,352,596,283
0,289,1840,0,484,490,537,558,612,289
0,291,1761,0,590,697,291
0,292,1298,0,505,566,292
0,293,2832,0,190,281,299,559,696,293
0,296,2328,0,473,656,709,680,296
0,297,1673,0,505,574,630,297
0,299,2128,0,190,281,299
0,303,1465,0,484,654,303
0,304,2909,0,190,281,299,492,304
0,312,1229,0,505,566,577,705,312
0,317,1500,0,190,635,317
0,318,1257,0,484,571,318
0,321,1987,0,484,571,321
0,328,2647,0,473,678,715,328
0,332,1641,0,190,635,643,332
0,340,2285,0,190,635,643,702,340
0,344,2056,0,505,574,630,344
0,345,1415,0,505,566,577,705,345
0,346,983,0,473,656,346
0,348,2332,0,473,689,348
0,349,3790,0,190,281,299,492,349
0,351,2733,0,484,669,550,648,686,351
0,352,2691,0,190,281,299,352
0,356,3358,0,484,571,587,615,673,710,356
0,360,769,0,505,566,360
0,363,2045,0,505,566,577,363
0,364,1547,0,505,566,577,705,364
0,370,2256,0,190,281,299,559,370
0,375,2956,0,484,490,537,558,694,375
0,386,975,0,505,574,386
0,387,1396,0,590,697,387
0,396,2536,0,190,635,643,702,396
0,402,2235,0,484,669,550,402
0,405,1818,0,484,490,537,558,405
0,406,581,0,505,574,406
0,407,713,0,473,407
0,409,2383,0,190,515,640,409
0,412,871,0,505,566,412
0,413,846,0,505,574,413
0,414,1617,0,505,574,630,414
0,415,2866,0,473,656,709,680,415
0,418,2654,0,484,571,609,418
0,419,1916,0,484,669,550,419
0,423,1155,0,190,635,423
0,424,2082,0,473,678,715,424
0,426,2201,0,484,669,550,426
0,430,603,0,484,430
0,431,459,0,484,431
0,445,1652,0,473,445
0,456,2020,0,484,490,537,558,456
0,465,3110,0,190,515,640,465
0,469,1691,0,473,469
0,473,763,0,473
0,480,2200,0,473,656,709,480
0,483,888,0,473,678,483
0,484,557,0,484
0,488,1310,0,505,566,577,488
0,489,1352,0,190,635,643,489
0,490,960,0,484,490
0,492,3003,0,190,281,299,492
0,495,1648,0,505,574,495
0,498,3705,0,190,281,299,352,596,498
0,502,869,0,505,574,502
0,505,252,0,505
0,507,1490,0,473,656,507
0,512,3289,0,484,669,550,648,686,512
0,513,1426,0,484,669,568,513
0,515,1730,0,190,515
0,524,1404,0,473,678,524
0,527,1542,0,484,490,537,527
0,533,2172,0,484,571,609,533
0,534,1076,0,190,635,534
0,535,2608,0,484,490,537,558,694,535
0,537,1482,0,484,490,537
0,542,2307,0,473,656,709,713,542
0,548,2594,0,190,281,299,559,548
0,550,860,0,484,669,550
0,551,2654,0,484,669,550,648,551
0,555,2902,0,484,571,587,555
0,558,1676,0,484,490,537,558
0,559,2129,0,190,281,299,559
0,560,1658,0,505,574,630,560
0,563,2109,0,484,669,550,563
0,566,830,0,505,566
0,568,589,0,484,669,568
0,571,1241,0,484,571
0,574,659,0,505,574
0,577,1109,0,505,566,577
0,583,1819,0,590,697,583
0,587,1976,0,484,571,587
0,588,1102,0,473,588
0,590,430,0,590
0,592,1391,0,484,654,592
0,594,1848,0,473,689,594
0,596,3380,0,190,281,299,352,596
0,606,3972,0,484,571,587,615,673,606
0,608,1697,0,473,656,709,608
0,609,2022,0,484,571,609
0,612,1701,0,484,490,537,558,612
0,614,2804,0,484,571,587,615,614
0,615,2084,0,484,571,587,615
0,616,603,0,484,669,616
0,625,2399,0,473,689,692,625
0,629,3454,0,484,571,587,722,629
0,630,1230,0,505,574,630
0,635,854,0,190,635
0,636,2054,0,473,689,692,636
0,640,2372,0,190,515,640
0,643,1417,0,190,635,643
0,645,2453,0,473,689,645
0,648,1960,0,484,669,550,648
0,654,1279,0,484,654
0,656,830,0,473,656
0,658,3526,0,484,571,587,722,658
0,661,2708,0,473,689,692,661
0,662,3355,0,484,571,587,615,673,710,662
0,664,1751,0,484,490,537,558,664
0,669,583,0,484,669
0,672,2161,0,484,669,550,563,672
0,673,3080,0,484,571,587,615,673
0,674,4246,0,190,281,299,352,596,674
0,678,804,0,473,678
0,680,1395,0,473,656,709,680
0,686,2572,0,484,669,550,648,686
0,689,1578,0,473,689
0,691,3512,0,484,571,587,615,673,710,691
0,692,2072,0,473,689,692
0,694,2003,0,484,490,537,558,694
0,696,2589,0,190,281,299,559,696
0,697,1106,0,590,697
0,702,2353,0,190,635,643,702
0,705,1128,0,505,566,577,705
0,709,1269,0,473,656,709
0,710,3124,0,484,571,587,615,673,710
0,713,1738,0,473,656,709,713
0,715,1750,0,473,678,715
0,722,2957,0,484,571,587,722
